0.0 195.04
0.001001001001 252.475
0.002002002002 300.215
0.003003003003 309.255
0.004004004004 302.275
0.00500500500501 286.285
0.00600600600601 265.645
0.00700700700701 257.195
0.00800800800801 240.435
0.00900900900901 221.48
0.01001001001 208.585
0.011011011011 195.045
0.012012012012 176.745
0.013013013013 169.62
0.014014014014 160.33
0.015015015015 153.105
0.016016016016 139.655
0.017017017017 127.49
0.018018018018 117.565
0.019019019019 113.895
0.02002002002 107.775
0.021021021021 101.485
0.022022022022 93.26
0.023023023023 87.885
0.024024024024 83.785
0.025025025025 78.195
0.026026026026 73.895
0.027027027027 70.435
0.028028028028 68.345
0.029029029029 67.05
0.03003003003 61.48
0.031031031031 56.69
0.032032032032 53.4
0.033033033033 49.305
0.034034034034 46.03
0.035035035035 44.33
0.036036036036 41.57
0.037037037037 41.295
0.038038038038 35.91
0.039039039039 34.685
0.04004004004 31.77
0.041041041041 30.465
0.042042042042 30.07
0.043043043043 29.575
0.044044044044 27.37
0.045045045045 27.685
0.046046046046 26.27
0.047047047047 25.625
0.048048048048 25.005
0.049049049049 23.605
0.0500500500501 22.995
0.0510510510511 20.63
0.0520520520521 20.79
0.0530530530531 19.265
0.0540540540541 19.465
0.0550550550551 19.535
0.0560560560561 19.645
0.0570570570571 17.3
0.0580580580581 16.56
0.0590590590591 15.83
0.0600600600601 15.895
0.0610610610611 14.295
0.0620620620621 14.405
0.0630630630631 14.505
0.0640640640641 14.59
0.0650650650651 14.635
0.0660660660661 14.725
0.0670670670671 14.78
0.0680680680681 14.83
0.0690690690691 14.055
0.0700700700701 14.085
0.0710710710711 14.12
0.0720720720721 14.17
0.0730730730731 14.195
0.0740740740741 13.395
0.0750750750751 12.595
0.0760760760761 11.805
0.0770770770771 11.855
0.0780780780781 11.9
0.0790790790791 11.935
0.0800800800801 11.1
0.0810810810811 11.115
0.0820820820821 11.13
0.0830830830831 10.34
0.0840840840841 10.36
0.0850850850851 9.54
0.0860860860861 9.555
0.0870870870871 9.575
0.0880880880881 8.815
0.0890890890891 8.015
0.0900900900901 8.025
0.0910910910911 8.03
0.0920920920921 8.03
0.0930930930931 7.23
0.0940940940941 7.235
0.0950950950951 7.24
0.0960960960961 7.27
0.0970970970971 7.29
0.0980980980981 7.29
0.0990990990991 7.305
0.1001001001 5.62
0.101101101101 5.64
0.102102102102 5.645
0.103103103103 5.66
0.104104104104 5.67
0.105105105105 5.685
0.106106106106 5.695
0.107107107107 5.695
0.108108108108 5.715
0.109109109109 5.725
0.11011011011 5.745
0.111111111111 4.9
0.112112112112 4.06
0.113113113113 4.06
0.114114114114 4.075
0.115115115115 4.075
0.116116116116 4.075
0.117117117117 4.09
0.118118118118 3.255
0.119119119119 3.255
0.12012012012 3.26
0.121121121121 3.265
0.122122122122 3.27
0.123123123123 3.27
0.124124124124 3.27
0.125125125125 3.27
0.126126126126 3.28
0.127127127127 3.28
0.128128128128 3.28
0.129129129129 1.6
0.13013013013 1.6
0.131131131131 1.61
0.132132132132 1.61
0.133133133133 1.61
0.134134134134 0.79
0.135135135135 0.79
0.136136136136 0.79
0.137137137137 0.795
0.138138138138 0.795
0.139139139139 0.8
0.14014014014 0.8
0.141141141141 0.8
0.142142142142 0.8
0.143143143143 -0.045
0.144144144144 -0.045
0.145145145145 -0.04
0.146146146146 -0.04
0.147147147147 -0.04
0.148148148148 -0.04
0.149149149149 -0.04
0.15015015015 -0.035
0.151151151151 -0.035
0.152152152152 -0.035
0.153153153153 -0.035
0.154154154154 -0.035
0.155155155155 -0.035
0.156156156156 -0.035
0.157157157157 -0.035
0.158158158158 -0.035
0.159159159159 -0.03
0.16016016016 -0.03
0.161161161161 -0.03
0.162162162162 -0.03
0.163163163163 -0.03
0.164164164164 -0.03
0.165165165165 -0.03
0.166166166166 -0.03
0.167167167167 -0.025
0.168168168168 -0.025
0.169169169169 -0.025
0.17017017017 -0.02
0.171171171171 -0.02
0.172172172172 -0.02
0.173173173173 -0.02
0.174174174174 -0.02
0.175175175175 -0.02
0.176176176176 -0.02
0.177177177177 -0.02
0.178178178178 -0.02
0.179179179179 -0.02
0.18018018018 -0.02
0.181181181181 -0.02
0.182182182182 -0.02
0.183183183183 -0.02
0.184184184184 -0.02
0.185185185185 -0.02
0.186186186186 -0.02
0.187187187187 -0.02
0.188188188188 -0.02
0.189189189189 -0.02
0.19019019019 -0.02
0.191191191191 -0.02
0.192192192192 -0.02
0.193193193193 -0.02
0.194194194194 -0.02
0.195195195195 -0.015
0.196196196196 -0.015
0.197197197197 -0.015
0.198198198198 -0.015
0.199199199199 -0.015
0.2002002002 -0.015
0.201201201201 -0.015
0.202202202202 -0.015
0.203203203203 -0.015
0.204204204204 -0.015
0.205205205205 -0.015
0.206206206206 -0.015
0.207207207207 -0.015
0.208208208208 -0.015
0.209209209209 -0.015
0.21021021021 -0.015
0.211211211211 -0.015
0.212212212212 -0.015
0.213213213213 -0.015
0.214214214214 -0.015
0.215215215215 -0.015
0.216216216216 -0.015
0.217217217217 -0.015
0.218218218218 -0.015
0.219219219219 -0.015
0.22022022022 -0.015
0.221221221221 -0.015
0.222222222222 -0.015
0.223223223223 -0.015
0.224224224224 -0.015
0.225225225225 -0.015
0.226226226226 -0.015
0.227227227227 -0.015
0.228228228228 -0.015
0.229229229229 -0.015
0.23023023023 -0.015
0.231231231231 -0.015
0.232232232232 -0.015
0.233233233233 -0.015
0.234234234234 -0.005
0.235235235235 -0.005
0.236236236236 -0.005
0.237237237237 -0.005
0.238238238238 -0.005
0.239239239239 -0.005
0.24024024024 -0.005
0.241241241241 -0.005
0.242242242242 -0.005
0.243243243243 0
0.244244244244 0
0.245245245245 0
0.246246246246 0
0.247247247247 0
0.248248248248 0
0.249249249249 0
0.25025025025 0
0.251251251251 0
0.252252252252 0
0.253253253253 0
0.254254254254 0
0.255255255255 0
0.256256256256 0
0.257257257257 0
0.258258258258 0
0.259259259259 0
0.26026026026 0
0.261261261261 0
0.262262262262 0
0.263263263263 0
0.264264264264 0
0.265265265265 0
0.266266266266 0
0.267267267267 0
0.268268268268 0
0.269269269269 0
0.27027027027 0
0.271271271271 0
0.272272272272 0
0.273273273273 0
0.274274274274 0
0.275275275275 0
0.276276276276 0
0.277277277277 0
0.278278278278 0
0.279279279279 0
0.28028028028 0
0.281281281281 0
0.282282282282 0
0.283283283283 0
0.284284284284 0
0.285285285285 0
0.286286286286 0
0.287287287287 0
0.288288288288 0
0.289289289289 0
0.29029029029 0
0.291291291291 0
0.292292292292 0
0.293293293293 0
0.294294294294 0
0.295295295295 0
0.296296296296 0
0.297297297297 0
0.298298298298 0
0.299299299299 0
0.3003003003 0
0.301301301301 0
0.302302302302 0
0.303303303303 0
0.304304304304 0
0.305305305305 0
0.306306306306 0
0.307307307307 0
0.308308308308 0
0.309309309309 0
0.31031031031 0
0.311311311311 0
0.312312312312 0
0.313313313313 0
0.314314314314 0
0.315315315315 0
0.316316316316 0
0.317317317317 0
0.318318318318 0
0.319319319319 0
0.32032032032 0
0.321321321321 0
0.322322322322 0
0.323323323323 0
0.324324324324 0
0.325325325325 0
0.326326326326 0
0.327327327327 0
0.328328328328 0
0.329329329329 0
0.33033033033 0
0.331331331331 0
0.332332332332 0
0.333333333333 0
0.334334334334 0
0.335335335335 0
0.336336336336 0
0.337337337337 0
0.338338338338 0
0.339339339339 0
0.34034034034 0
0.341341341341 0
0.342342342342 0
0.343343343343 0
0.344344344344 0
0.345345345345 0
0.346346346346 0
0.347347347347 0
0.348348348348 0
0.349349349349 0
0.35035035035 0
0.351351351351 0
0.352352352352 0
0.353353353353 0
0.354354354354 0
0.355355355355 0
0.356356356356 0
0.357357357357 0
0.358358358358 0
0.359359359359 0
0.36036036036 0
0.361361361361 0
0.362362362362 0
0.363363363363 0
0.364364364364 0
0.365365365365 0
0.366366366366 0
0.367367367367 0
0.368368368368 0
0.369369369369 0
0.37037037037 0
0.371371371371 0
0.372372372372 0
0.373373373373 0
0.374374374374 0
0.375375375375 0
0.376376376376 0
0.377377377377 0
0.378378378378 0
0.379379379379 0
0.38038038038 0
0.381381381381 0
0.382382382382 0
0.383383383383 0
0.384384384384 0
0.385385385385 0
0.386386386386 0
0.387387387387 0
0.388388388388 0
0.389389389389 0
0.39039039039 0
0.391391391391 0
0.392392392392 0
0.393393393393 0
0.394394394394 0
0.395395395395 0
0.396396396396 0
0.397397397397 0
0.398398398398 0
0.399399399399 0
0.4004004004 0
0.401401401401 0
0.402402402402 0
0.403403403403 0
0.404404404404 0
0.405405405405 0
0.406406406406 0
0.407407407407 0
0.408408408408 0
0.409409409409 0
0.41041041041 0
0.411411411411 0
0.412412412412 0
0.413413413413 0
0.414414414414 0
0.415415415415 0
0.416416416416 0
0.417417417417 0
0.418418418418 0
0.419419419419 0
0.42042042042 0
0.421421421421 0
0.422422422422 0
0.423423423423 0
0.424424424424 0
0.425425425425 0
0.426426426426 0
0.427427427427 0
0.428428428428 0
0.429429429429 0
0.43043043043 0
0.431431431431 0
0.432432432432 0
0.433433433433 0
0.434434434434 0
0.435435435435 0
0.436436436436 0
0.437437437437 0
0.438438438438 0
0.439439439439 0
0.44044044044 0
0.441441441441 0
0.442442442442 0
0.443443443443 0
0.444444444444 0
0.445445445445 0
0.446446446446 0
0.447447447447 0
0.448448448448 0
0.449449449449 0
0.45045045045 0
0.451451451451 0
0.452452452452 0
0.453453453453 0
0.454454454454 0
0.455455455455 0
0.456456456456 0
0.457457457457 0
0.458458458458 0
0.459459459459 0
0.46046046046 0
0.461461461461 0
0.462462462462 0
0.463463463463 0
0.464464464464 0
0.465465465465 0
0.466466466466 0
0.467467467467 0
0.468468468468 0
0.469469469469 0
0.47047047047 0
0.471471471471 0
0.472472472472 0
0.473473473473 0
0.474474474474 0
0.475475475475 0
0.476476476476 0
0.477477477477 0
0.478478478478 0
0.479479479479 0
0.48048048048 0
0.481481481481 0
0.482482482482 0
0.483483483483 0
0.484484484484 0
0.485485485485 0
0.486486486486 0
0.487487487487 0
0.488488488488 0
0.489489489489 0
0.49049049049 0
0.491491491491 0
0.492492492492 0
0.493493493493 0
0.494494494494 0
0.495495495495 0
0.496496496496 0
0.497497497497 0
0.498498498498 0
0.499499499499 0
0.500500500501 0
0.501501501502 0
0.502502502503 0
0.503503503504 0
0.504504504505 0
0.505505505506 0
0.506506506507 0
0.507507507508 0
0.508508508509 0
0.50950950951 0
0.510510510511 0
0.511511511512 0
0.512512512513 0
0.513513513514 0
0.514514514515 0
0.515515515516 0
0.516516516517 0
0.517517517518 0
0.518518518519 0
0.51951951952 0
0.520520520521 0
0.521521521522 0
0.522522522523 0
0.523523523524 0
0.524524524525 0
0.525525525526 0
0.526526526527 0
0.527527527528 0
0.528528528529 0
0.52952952953 0
0.530530530531 0
0.531531531532 0
0.532532532533 0
0.533533533534 0
0.534534534535 0
0.535535535536 0
0.536536536537 0
0.537537537538 0
0.538538538539 0
0.53953953954 0
0.540540540541 0
0.541541541542 0
0.542542542543 0
0.543543543544 0
0.544544544545 0
0.545545545546 0
0.546546546547 0
0.547547547548 0
0.548548548549 0
0.54954954955 0
0.550550550551 0
0.551551551552 0
0.552552552553 0
0.553553553554 0
0.554554554555 0
0.555555555556 0
0.556556556557 0
0.557557557558 0
0.558558558559 0
0.55955955956 0
0.560560560561 0
0.561561561562 0
0.562562562563 0
0.563563563564 0
0.564564564565 0
0.565565565566 0
0.566566566567 0
0.567567567568 0
0.568568568569 0
0.56956956957 0
0.570570570571 0
0.571571571572 0
0.572572572573 0
0.573573573574 0
0.574574574575 0
0.575575575576 0
0.576576576577 0
0.577577577578 0
0.578578578579 0
0.57957957958 0
0.580580580581 0
0.581581581582 0
0.582582582583 0
0.583583583584 0
0.584584584585 0
0.585585585586 0
0.586586586587 0
0.587587587588 0
0.588588588589 0
0.58958958959 0
0.590590590591 0
0.591591591592 0
0.592592592593 0
0.593593593594 0
0.594594594595 0
0.595595595596 0
0.596596596597 0
0.597597597598 0
0.598598598599 0
0.5995995996 0
0.600600600601 0
0.601601601602 0
0.602602602603 0
0.603603603604 0
0.604604604605 0
0.605605605606 0
0.606606606607 0
0.607607607608 0
0.608608608609 0
0.60960960961 0
0.610610610611 0
0.611611611612 0
0.612612612613 0
0.613613613614 0
0.614614614615 0
0.615615615616 0
0.616616616617 0
0.617617617618 0
0.618618618619 0
0.61961961962 0
0.620620620621 0
0.621621621622 0
0.622622622623 0
0.623623623624 0
0.624624624625 0
0.625625625626 0
0.626626626627 0
0.627627627628 0
0.628628628629 0
0.62962962963 0
0.630630630631 0
0.631631631632 0
0.632632632633 0
0.633633633634 0
0.634634634635 0
0.635635635636 0
0.636636636637 0
0.637637637638 0
0.638638638639 0
0.63963963964 0
0.640640640641 0
0.641641641642 0
0.642642642643 0
0.643643643644 0
0.644644644645 0
0.645645645646 0
0.646646646647 0
0.647647647648 0
0.648648648649 0
0.64964964965 0
0.650650650651 0
0.651651651652 0
0.652652652653 0
0.653653653654 0
0.654654654655 0
0.655655655656 0
0.656656656657 0
0.657657657658 0
0.658658658659 0
0.65965965966 0
0.660660660661 0
0.661661661662 0
0.662662662663 0
0.663663663664 0
0.664664664665 0
0.665665665666 0
0.666666666667 0
0.667667667668 0
0.668668668669 0
0.66966966967 0
0.670670670671 0
0.671671671672 0
0.672672672673 0
0.673673673674 0
0.674674674675 0
0.675675675676 0
0.676676676677 0
0.677677677678 0
0.678678678679 0
0.67967967968 0
0.680680680681 0
0.681681681682 0
0.682682682683 0
0.683683683684 0
0.684684684685 0
0.685685685686 0
0.686686686687 0
0.687687687688 0
0.688688688689 0
0.68968968969 0
0.690690690691 0
0.691691691692 0
0.692692692693 0
0.693693693694 0
0.694694694695 0
0.695695695696 0
0.696696696697 0
0.697697697698 0
0.698698698699 0
0.6996996997 0
0.700700700701 0
0.701701701702 0
0.702702702703 0
0.703703703704 0
0.704704704705 0
0.705705705706 0
0.706706706707 0
0.707707707708 0
0.708708708709 0
0.70970970971 0
0.710710710711 0
0.711711711712 0
0.712712712713 0
0.713713713714 0
0.714714714715 0
0.715715715716 0
0.716716716717 0
0.717717717718 0
0.718718718719 0
0.71971971972 0
0.720720720721 0
0.721721721722 0
0.722722722723 0
0.723723723724 0
0.724724724725 0
0.725725725726 0
0.726726726727 0
0.727727727728 0
0.728728728729 0
0.72972972973 0
0.730730730731 0
0.731731731732 0
0.732732732733 0
0.733733733734 0
0.734734734735 0
0.735735735736 0
0.736736736737 0
0.737737737738 0
0.738738738739 0
0.73973973974 0
0.740740740741 0
0.741741741742 0
0.742742742743 0
0.743743743744 0
0.744744744745 0
0.745745745746 0
0.746746746747 0
0.747747747748 0
0.748748748749 0
0.74974974975 0
0.750750750751 0
0.751751751752 0
0.752752752753 0
0.753753753754 0
0.754754754755 0
0.755755755756 0
0.756756756757 0
0.757757757758 0
0.758758758759 0
0.75975975976 0
0.760760760761 0
0.761761761762 0
0.762762762763 0
0.763763763764 0
0.764764764765 0
0.765765765766 0
0.766766766767 0
0.767767767768 0
0.768768768769 0
0.76976976977 0
0.770770770771 0
0.771771771772 0
0.772772772773 0
0.773773773774 0
0.774774774775 0
0.775775775776 0
0.776776776777 0
0.777777777778 0
0.778778778779 0
0.77977977978 0
0.780780780781 0
0.781781781782 0
0.782782782783 0
0.783783783784 0
0.784784784785 0
0.785785785786 0
0.786786786787 0
0.787787787788 0
0.788788788789 0
0.78978978979 0
0.790790790791 0
0.791791791792 0
0.792792792793 0
0.793793793794 0
0.794794794795 0
0.795795795796 0
0.796796796797 0
0.797797797798 0
0.798798798799 0
0.7997997998 0
0.800800800801 0
0.801801801802 0
0.802802802803 0
0.803803803804 0
0.804804804805 0
0.805805805806 0
0.806806806807 0
0.807807807808 0
0.808808808809 0
0.80980980981 0
0.810810810811 0
0.811811811812 0
0.812812812813 0
0.813813813814 0
0.814814814815 0
0.815815815816 0
0.816816816817 0
0.817817817818 0
0.818818818819 0
0.81981981982 0
0.820820820821 0
0.821821821822 0
0.822822822823 0
0.823823823824 0
0.824824824825 0
0.825825825826 0
0.826826826827 0
0.827827827828 0
0.828828828829 0
0.82982982983 0
0.830830830831 0
0.831831831832 0
0.832832832833 0
0.833833833834 0
0.834834834835 0
0.835835835836 0
0.836836836837 0
0.837837837838 0
0.838838838839 0
0.83983983984 0
0.840840840841 0
0.841841841842 0
0.842842842843 0
0.843843843844 0
0.844844844845 0
0.845845845846 0
0.846846846847 0
0.847847847848 0
0.848848848849 0
0.84984984985 0
0.850850850851 0
0.851851851852 0
0.852852852853 0
0.853853853854 0
0.854854854855 0
0.855855855856 0
0.856856856857 0
0.857857857858 0
0.858858858859 0
0.85985985986 0
0.860860860861 0
0.861861861862 0
0.862862862863 0
0.863863863864 0
0.864864864865 0
0.865865865866 0
0.866866866867 0
0.867867867868 0
0.868868868869 0
0.86986986987 0
0.870870870871 0
0.871871871872 0
0.872872872873 0
0.873873873874 0
0.874874874875 0
0.875875875876 0
0.876876876877 0
0.877877877878 0
0.878878878879 0
0.87987987988 0
0.880880880881 0
0.881881881882 0
0.882882882883 0
0.883883883884 0
0.884884884885 0
0.885885885886 0
0.886886886887 0
0.887887887888 0
0.888888888889 0
0.88988988989 0
0.890890890891 0
0.891891891892 0
0.892892892893 0
0.893893893894 0
0.894894894895 0
0.895895895896 0
0.896896896897 0
0.897897897898 0
0.898898898899 0
0.8998998999 0
0.900900900901 0
0.901901901902 0
0.902902902903 0
0.903903903904 0
0.904904904905 0
0.905905905906 0
0.906906906907 0
0.907907907908 0
0.908908908909 0
0.90990990991 0
0.910910910911 0
0.911911911912 0
0.912912912913 0
0.913913913914 0
0.914914914915 0
0.915915915916 0
0.916916916917 0
0.917917917918 0
0.918918918919 0
0.91991991992 0
0.920920920921 0
0.921921921922 0
0.922922922923 0
0.923923923924 0
0.924924924925 0
0.925925925926 0
0.926926926927 0
0.927927927928 0
0.928928928929 0
0.92992992993 0
0.930930930931 0
0.931931931932 0
0.932932932933 0
0.933933933934 0
0.934934934935 0
0.935935935936 0
0.936936936937 0
0.937937937938 0
0.938938938939 0
0.93993993994 0
0.940940940941 0
0.941941941942 0
0.942942942943 0
0.943943943944 0
0.944944944945 0
0.945945945946 0
0.946946946947 0
0.947947947948 0
0.948948948949 0
0.94994994995 0
0.950950950951 0
0.951951951952 0
0.952952952953 0
0.953953953954 0
0.954954954955 0
0.955955955956 0
0.956956956957 0
0.957957957958 0
0.958958958959 0
0.95995995996 0
0.960960960961 0
0.961961961962 0
0.962962962963 0
0.963963963964 0
0.964964964965 0
0.965965965966 0
0.966966966967 0
0.967967967968 0
0.968968968969 0
0.96996996997 0
0.970970970971 0
0.971971971972 0
0.972972972973 0
0.973973973974 0
0.974974974975 0
0.975975975976 0
0.976976976977 0
0.977977977978 0
0.978978978979 0
0.97997997998 0
0.980980980981 0
0.981981981982 0
0.982982982983 0
0.983983983984 0
0.984984984985 0
0.985985985986 0
0.986986986987 0
0.987987987988 0
0.988988988989 0
0.98998998999 0
0.990990990991 0
0.991991991992 0
0.992992992993 0
0.993993993994 0
0.994994994995 0
0.995995995996 0
0.996996996997 0
0.997997997998 0
0.998998998999 0
1.0 0
