0.0 128.545
0.001001001001 128.545
0.002002002002 128.545
0.003003003003 128.545
0.004004004004 128.545
0.00500500500501 128.545
0.00600600600601 128.545
0.00700700700701 128.545
0.00800800800801 128.545
0.00900900900901 128.545
0.01001001001 128.545
0.011011011011 128.545
0.012012012012 128.545
0.013013013013 128.545
0.014014014014 128.545
0.015015015015 128.545
0.016016016016 128.545
0.017017017017 128.545
0.018018018018 128.545
0.019019019019 128.545
0.02002002002 128.545
0.021021021021 128.545
0.022022022022 128.545
0.023023023023 128.545
0.024024024024 128.545
0.025025025025 128.545
0.026026026026 128.545
0.027027027027 128.545
0.028028028028 128.545
0.029029029029 128.545
0.03003003003 128.545
0.031031031031 128.545
0.032032032032 128.545
0.033033033033 128.545
0.034034034034 128.545
0.035035035035 128.545
0.036036036036 128.545
0.037037037037 128.545
0.038038038038 128.545
0.039039039039 128.545
0.04004004004 128.545
0.041041041041 128.545
0.042042042042 128.545
0.043043043043 128.545
0.044044044044 128.545
0.045045045045 128.545
0.046046046046 128.545
0.047047047047 128.545
0.048048048048 128.545
0.049049049049 128.545
0.0500500500501 128.545
0.0510510510511 128.545
0.0520520520521 128.545
0.0530530530531 128.545
0.0540540540541 128.545
0.0550550550551 128.545
0.0560560560561 128.545
0.0570570570571 128.545
0.0580580580581 128.545
0.0590590590591 128.545
0.0600600600601 128.545
0.0610610610611 128.545
0.0620620620621 128.545
0.0630630630631 128.545
0.0640640640641 128.545
0.0650650650651 128.545
0.0660660660661 128.545
0.0670670670671 128.545
0.0680680680681 128.545
0.0690690690691 128.545
0.0700700700701 128.545
0.0710710710711 128.545
0.0720720720721 128.545
0.0730730730731 128.545
0.0740740740741 128.545
0.0750750750751 128.545
0.0760760760761 128.545
0.0770770770771 128.545
0.0780780780781 128.545
0.0790790790791 128.545
0.0800800800801 128.545
0.0810810810811 128.545
0.0820820820821 128.545
0.0830830830831 128.545
0.0840840840841 128.545
0.0850850850851 128.545
0.0860860860861 128.545
0.0870870870871 128.545
0.0880880880881 128.545
0.0890890890891 128.545
0.0900900900901 128.545
0.0910910910911 128.545
0.0920920920921 128.545
0.0930930930931 128.545
0.0940940940941 128.545
0.0950950950951 128.545
0.0960960960961 128.545
0.0970970970971 128.545
0.0980980980981 128.545
0.0990990990991 128.545
0.1001001001 128.545
0.101101101101 128.545
0.102102102102 128.545
0.103103103103 128.545
0.104104104104 128.545
0.105105105105 128.545
0.106106106106 128.545
0.107107107107 128.545
0.108108108108 128.545
0.109109109109 128.545
0.11011011011 128.545
0.111111111111 128.545
0.112112112112 128.545
0.113113113113 128.545
0.114114114114 128.545
0.115115115115 128.545
0.116116116116 128.545
0.117117117117 128.545
0.118118118118 128.545
0.119119119119 128.545
0.12012012012 128.545
0.121121121121 128.545
0.122122122122 128.545
0.123123123123 128.545
0.124124124124 128.545
0.125125125125 128.545
0.126126126126 128.545
0.127127127127 128.545
0.128128128128 128.545
0.129129129129 128.545
0.13013013013 128.545
0.131131131131 128.545
0.132132132132 128.545
0.133133133133 128.545
0.134134134134 128.545
0.135135135135 128.545
0.136136136136 128.545
0.137137137137 128.545
0.138138138138 128.545
0.139139139139 128.545
0.14014014014 128.545
0.141141141141 128.545
0.142142142142 128.545
0.143143143143 128.545
0.144144144144 128.545
0.145145145145 128.545
0.146146146146 128.545
0.147147147147 128.545
0.148148148148 128.545
0.149149149149 128.545
0.15015015015 128.545
0.151151151151 128.545
0.152152152152 128.545
0.153153153153 128.545
0.154154154154 128.545
0.155155155155 128.545
0.156156156156 128.545
0.157157157157 128.545
0.158158158158 128.545
0.159159159159 128.545
0.16016016016 128.545
0.161161161161 128.545
0.162162162162 128.545
0.163163163163 128.545
0.164164164164 128.545
0.165165165165 128.545
0.166166166166 128.545
0.167167167167 128.545
0.168168168168 128.545
0.169169169169 128.545
0.17017017017 128.545
0.171171171171 128.545
0.172172172172 128.545
0.173173173173 128.545
0.174174174174 128.545
0.175175175175 128.545
0.176176176176 128.545
0.177177177177 128.545
0.178178178178 128.545
0.179179179179 128.545
0.18018018018 128.545
0.181181181181 128.545
0.182182182182 128.545
0.183183183183 128.545
0.184184184184 128.545
0.185185185185 128.545
0.186186186186 128.545
0.187187187187 128.545
0.188188188188 128.545
0.189189189189 128.545
0.19019019019 128.545
0.191191191191 128.545
0.192192192192 128.545
0.193193193193 128.545
0.194194194194 128.545
0.195195195195 128.545
0.196196196196 128.545
0.197197197197 128.545
0.198198198198 128.545
0.199199199199 128.545
0.2002002002 128.545
0.201201201201 128.545
0.202202202202 128.545
0.203203203203 128.545
0.204204204204 128.545
0.205205205205 128.545
0.206206206206 128.545
0.207207207207 128.545
0.208208208208 128.545
0.209209209209 128.545
0.21021021021 128.545
0.211211211211 128.545
0.212212212212 128.545
0.213213213213 128.545
0.214214214214 128.545
0.215215215215 128.545
0.216216216216 128.545
0.217217217217 128.545
0.218218218218 128.545
0.219219219219 128.545
0.22022022022 128.545
0.221221221221 128.545
0.222222222222 128.545
0.223223223223 128.545
0.224224224224 128.545
0.225225225225 128.545
0.226226226226 128.545
0.227227227227 128.545
0.228228228228 128.545
0.229229229229 128.545
0.23023023023 128.545
0.231231231231 128.545
0.232232232232 128.545
0.233233233233 128.545
0.234234234234 128.545
0.235235235235 128.545
0.236236236236 128.545
0.237237237237 128.545
0.238238238238 128.545
0.239239239239 128.545
0.24024024024 128.545
0.241241241241 128.545
0.242242242242 128.545
0.243243243243 128.545
0.244244244244 128.545
0.245245245245 128.545
0.246246246246 128.545
0.247247247247 128.545
0.248248248248 128.545
0.249249249249 128.545
0.25025025025 128.545
0.251251251251 128.545
0.252252252252 128.545
0.253253253253 128.545
0.254254254254 128.545
0.255255255255 128.545
0.256256256256 128.545
0.257257257257 128.545
0.258258258258 128.545
0.259259259259 128.545
0.26026026026 128.545
0.261261261261 128.545
0.262262262262 128.545
0.263263263263 128.545
0.264264264264 128.545
0.265265265265 128.555
0.266266266266 128.555
0.267267267267 128.555
0.268268268268 128.555
0.269269269269 128.555
0.27027027027 128.555
0.271271271271 128.555
0.272272272272 128.555
0.273273273273 128.555
0.274274274274 128.555
0.275275275275 128.555
0.276276276276 128.555
0.277277277277 128.56
0.278278278278 128.56
0.279279279279 128.58
0.28028028028 128.58
0.281281281281 128.58
0.282282282282 128.58
0.283283283283 128.58
0.284284284284 128.58
0.285285285285 128.58
0.286286286286 128.58
0.287287287287 128.585
0.288288288288 128.585
0.289289289289 128.585
0.29029029029 128.59
0.291291291291 128.6
0.292292292292 128.6
0.293293293293 128.6
0.294294294294 128.66
0.295295295295 128.68
0.296296296296 128.69
0.297297297297 128.725
0.298298298298 128.725
0.299299299299 128.725
0.3003003003 128.725
0.301301301301 128.725
0.302302302302 128.725
0.303303303303 128.725
0.304304304304 128.725
0.305305305305 128.74
0.306306306306 128.74
0.307307307307 128.74
0.308308308308 128.745
0.309309309309 128.745
0.31031031031 128.79
0.311311311311 128.82
0.312312312312 128.825
0.313313313313 128.86
0.314314314314 128.895
0.315315315315 128.895
0.316316316316 128.895
0.317317317317 128.895
0.318318318318 128.905
0.319319319319 128.905
0.32032032032 128.915
0.321321321321 128.965
0.322322322322 128.965
0.323323323323 128.965
0.324324324324 128.975
0.325325325325 128.975
0.326326326326 129.06
0.327327327327 129.085
0.328328328328 129.095
0.329329329329 129.165
0.33033033033 129.165
0.331331331331 129.165
0.332332332332 129.235
0.333333333333 129.235
0.334334334334 129.235
0.335335335335 129.25
0.336336336336 129.25
0.337337337337 129.25
0.338338338338 129.265
0.339339339339 129.275
0.34034034034 129.28
0.341341341341 129.28
0.342342342342 129.28
0.343343343343 129.28
0.344344344344 129.29
0.345345345345 129.325
0.346346346346 129.345
0.347347347347 129.35
0.348348348348 129.375
0.349349349349 129.38
0.35035035035 129.38
0.351351351351 129.385
0.352352352352 129.385
0.353353353353 129.385
0.354354354354 129.385
0.355355355355 129.43
0.356356356356 129.445
0.357357357357 129.46
0.358358358358 129.51
0.359359359359 129.55
0.36036036036 129.55
0.361361361361 129.55
0.362362362362 129.57
0.363363363363 129.57
0.364364364364 129.59
0.365365365365 129.59
0.366366366366 129.61
0.367367367367 129.65
0.368368368368 129.665
0.369369369369 129.665
0.37037037037 129.67
0.371371371371 129.71
0.372372372372 129.71
0.373373373373 129.74
0.374374374374 129.745
0.375375375375 129.745
0.376376376376 129.775
0.377377377377 129.81
0.378378378378 129.82
0.379379379379 129.84
0.38038038038 129.9
0.381381381381 129.92
0.382382382382 129.925
0.383383383383 129.94
0.384384384384 129.985
0.385385385385 129.985
0.386386386386 129.985
0.387387387387 130.005
0.388388388388 130.05
0.389389389389 130.05
0.39039039039 130.055
0.391391391391 130.08
0.392392392392 130.08
0.393393393393 130.11
0.394394394394 130.135
0.395395395395 130.135
0.396396396396 130.145
0.397397397397 130.145
0.398398398398 130.18
0.399399399399 130.195
0.4004004004 130.215
0.401401401401 130.22
0.402402402402 130.225
0.403403403403 130.235
0.404404404404 130.235
0.405405405405 130.24
0.406406406406 130.245
0.407407407407 130.255
0.408408408408 130.28
0.409409409409 130.29
0.41041041041 130.295
0.411411411411 130.31
0.412412412412 130.32
0.413413413413 130.32
0.414414414414 130.34
0.415415415415 130.345
0.416416416416 130.345
0.417417417417 130.35
0.418418418418 130.365
0.419419419419 130.41
0.42042042042 130.435
0.421421421421 130.44
0.422422422422 130.44
0.423423423423 130.44
0.424424424424 130.46
0.425425425425 130.47
0.426426426426 130.48
0.427427427427 130.505
0.428428428428 130.515
0.429429429429 130.515
0.43043043043 130.515
0.431431431431 130.545
0.432432432432 130.555
0.433433433433 130.565
0.434434434434 130.57
0.435435435435 130.6
0.436436436436 130.655
0.437437437437 130.67
0.438438438438 130.695
0.439439439439 130.715
0.44044044044 130.715
0.441441441441 130.745
0.442442442442 130.755
0.443443443443 130.76
0.444444444444 130.77
0.445445445445 130.775
0.446446446446 130.79
0.447447447447 130.795
0.448448448448 130.825
0.449449449449 130.825
0.45045045045 130.845
0.451451451451 130.86
0.452452452452 130.89
0.453453453453 130.925
0.454454454454 130.96
0.455455455455 130.965
0.456456456456 131.0
0.457457457457 131.01
0.458458458458 131.01
0.459459459459 131.015
0.46046046046 131.03
0.461461461461 131.07
0.462462462462 131.075
0.463463463463 131.08
0.464464464464 131.12
0.465465465465 131.12
0.466466466466 131.125
0.467467467467 131.15
0.468468468468 131.17
0.469469469469 131.195
0.47047047047 131.285
0.471471471471 131.32
0.472472472472 131.345
0.473473473473 131.36
0.474474474474 131.435
0.475475475475 131.465
0.476476476476 131.47
0.477477477477 131.485
0.478478478478 131.51
0.479479479479 131.525
0.48048048048 131.555
0.481481481481 131.565
0.482482482482 131.565
0.483483483483 131.615
0.484484484484 131.715
0.485485485485 131.735
0.486486486486 131.795
0.487487487487 131.805
0.488488488488 131.82
0.489489489489 131.88
0.49049049049 131.895
0.491491491491 131.91
0.492492492492 131.95
0.493493493493 131.975
0.494494494494 131.985
0.495495495495 131.995
0.496496496496 132.02
0.497497497497 132.065
0.498498498498 132.37
0.499499499499 132.42
0.500500500501 132.455
0.501501501502 132.485
0.502502502503 132.51
0.503503503504 132.625
0.504504504505 132.65
0.505505505506 132.71
0.506506506507 132.865
0.507507507508 132.87
0.508508508509 133.03
0.50950950951 133.135
0.510510510511 133.155
0.511511511512 133.205
0.512512512513 133.275
0.513513513514 133.305
0.514514514515 133.385
0.515515515516 133.455
0.516516516517 133.48
0.517517517518 133.53
0.518518518519 133.595
0.51951951952 133.73
0.520520520521 133.755
0.521521521522 133.82
0.522522522523 133.845
0.523523523524 133.895
0.524524524525 133.975
0.525525525526 134.035
0.526526526527 134.085
0.527527527528 134.095
0.528528528529 134.22
0.52952952953 134.395
0.530530530531 134.525
0.531531531532 134.615
0.532532532533 134.69
0.533533533534 134.775
0.534534534535 134.835
0.535535535536 134.905
0.536536536537 134.95
0.537537537538 135.0
0.538538538539 135.085
0.53953953954 135.18
0.540540540541 135.3
0.541541541542 135.4
0.542542542543 135.58
0.543543543544 135.63
0.544544544545 135.695
0.545545545546 135.78
0.546546546547 135.87
0.547547547548 135.965
0.548548548549 136.01
0.54954954955 136.065
0.550550550551 136.195
0.551551551552 136.33
0.552552552553 136.4
0.553553553554 136.485
0.554554554555 135.685
0.555555555556 135.78
0.556556556557 135.875
0.557557557558 135.99
0.558558558559 136.125
0.55955955956 136.29
0.560560560561 136.345
0.561561561562 135.58
0.562562562563 135.79
0.563563563564 135.86
0.564564564565 135.91
0.565565565566 135.99
0.566566566567 136.145
0.567567567568 136.22
0.568568568569 136.345
0.56956956957 136.44
0.570570570571 136.485
0.571571571572 136.585
0.572572572573 136.66
0.573573573574 136.74
0.574574574575 136.795
0.575575575576 137.11
0.576576576577 137.26
0.577577577578 137.315
0.578578578579 137.43
0.57957957958 137.51
0.580580580581 137.615
0.581581581582 137.73
0.582582582583 137.825
0.583583583584 137.895
0.584584584585 137.93
0.585585585586 138.04
0.586586586587 138.175
0.587587587588 138.25
0.588588588589 138.39
0.58958958959 138.505
0.590590590591 138.685
0.591591591592 138.745
0.592592592593 138.92
0.593593593594 138.985
0.594594594595 139.09
0.595595595596 139.2
0.596596596597 139.31
0.597597597598 139.465
0.598598598599 139.56
0.5995995996 139.74
0.600600600601 139.965
0.601601601602 140.11
0.602602602603 140.185
0.603603603604 140.39
0.604604604605 139.72
0.605605605606 139.915
0.606606606607 140.11
0.607607607608 140.245
0.608608608609 140.385
0.60960960961 140.5
0.610610610611 140.635
0.611611611612 140.795
0.612612612613 140.965
0.613613613614 141.365
0.614614614615 141.495
0.615615615616 141.72
0.616616616617 141.85
0.617617617618 142.005
0.618618618619 142.225
0.61961961962 142.385
0.620620620621 142.46
0.621621621622 142.67
0.622622622623 142.815
0.623623623624 142.97
0.624624624625 143.115
0.625625625626 143.305
0.626626626627 143.465
0.627627627628 143.625
0.628628628629 143.755
0.62962962963 143.88
0.630630630631 144.05
0.631631631632 144.21
0.632632632633 144.39
0.633633633634 144.62
0.634634634635 144.75
0.635635635636 144.86
0.636636636637 145.1
0.637637637638 145.31
0.638638638639 145.445
0.63963963964 145.7
0.640640640641 145.9
0.641641641642 146.06
0.642642642643 146.385
0.643643643644 146.635
0.644644644645 146.875
0.645645645646 147.05
0.646646646647 147.245
0.647647647648 147.5
0.648648648649 147.715
0.64964964965 147.925
0.650650650651 148.19
0.651651651652 148.405
0.652652652653 148.705
0.653653653654 148.88
0.654654654655 149.15
0.655655655656 149.395
0.656656656657 149.665
0.657657657658 149.835
0.658658658659 150.125
0.65965965966 150.415
0.660660660661 149.93
0.661661661662 150.26
0.662662662663 150.5
0.663663663664 150.735
0.664664664665 150.955
0.665665665666 151.215
0.666666666667 151.495
0.667667667668 151.835
0.668668668669 152.185
0.66966966967 152.515
0.670670670671 151.855
0.671671671672 152.185
0.672672672673 152.54
0.673673673674 152.855
0.674674674675 153.075
0.675675675676 153.41
0.676676676677 153.735
0.677677677678 154.03
0.678678678679 154.385
0.67967967968 154.65
0.680680680681 154.96
0.681681681682 155.365
0.682682682683 155.725
0.683683683684 156.01
0.684684684685 156.295
0.685685685686 156.67
0.686686686687 156.955
0.687687687688 157.305
0.688688688689 157.805
0.68968968969 158.055
0.690690690691 158.485
0.691691691692 158.85
0.692692692693 159.165
0.693693693694 159.56
0.694694694695 159.865
0.695695695696 160.225
0.696696696697 160.55
0.697697697698 160.94
0.698698698699 161.285
0.6996996997 160.9
0.700700700701 160.445
0.701701701702 160.815
0.702702702703 161.27
0.703703703704 161.725
0.704704704705 162.165
0.705705705706 162.56
0.706706706707 162.95
0.707707707708 163.335
0.708708708709 163.665
0.70970970971 164.1
0.710710710711 163.695
0.711711711712 164.2
0.712712712713 164.565
0.713713713714 164.23
0.714714714715 164.67
0.715715715716 164.24
0.716716716717 163.935
0.717717717718 164.62
0.718718718719 165.09
0.71971971972 165.635
0.720720720721 166.15
0.721721721722 166.645
0.722722722723 166.35
0.723723723724 166.715
0.724724724725 167.13
0.725725725726 167.505
0.726726726727 167.9
0.727727727728 168.465
0.728728728729 169.075
0.72972972973 169.625
0.730730730731 168.46
0.731731731732 168.895
0.732732732733 169.485
0.733733733734 169.18
0.734734734735 168.965
0.735735735736 168.805
0.736736736737 168.495
0.737737737738 168.115
0.738738738739 168.615
0.73973973974 169.205
0.740740740741 168.97
0.741741741742 169.48
0.742742742743 170.07
0.743743743744 170.74
0.744744744745 170.405
0.745745745746 170.88
0.746746746747 170.53
0.747747747748 171.14
0.748748748749 171.685
0.74974974975 172.195
0.750750750751 172.905
0.751751751752 173.465
0.752752752753 173.1
0.753753753754 173.835
0.754754754755 171.865
0.755755755756 172.76
0.756756756757 173.37
0.757757757758 173.88
0.758758758759 174.51
0.75975975976 175.11
0.760760760761 174.025
0.761761761762 174.67
0.762762762763 175.27
0.763763763764 175.07
0.764764764765 175.76
0.765765765766 176.52
0.766766766767 177.135
0.767767767768 177.75
0.768768768769 178.475
0.76976976977 178.355
0.770770770771 178.225
0.771771771772 178.215
0.772772772773 178.18
0.773773773774 178.765
0.774774774775 179.315
0.775775775776 179.22
0.776776776777 180.01
0.777777777778 180.755
0.778778778779 180.645
0.77977977978 181.32
0.780780780781 181.91
0.781781781782 181.74
0.782782782783 182.42
0.783783783784 183.18
0.784784784785 183.97
0.785785785786 184.655
0.786786786787 184.61
0.787787787788 185.475
0.788788788789 186.165
0.78978978979 187.03
0.790790790791 187.86
0.791791791792 188.77
0.792792792793 189.41
0.793793793794 188.61
0.794794794795 188.645
0.795795795796 189.35
0.796796796797 190.19
0.797797797798 189.305
0.798798798799 190.165
0.7997997998 191.03
0.800800800801 191.005
0.801801801802 192.0
0.802802802803 192.79
0.803803803804 193.75
0.804804804805 192.83
0.805805805806 193.61
0.806806806807 193.615
0.807807807808 194.47
0.808808808809 195.19
0.80980980981 195.94
0.810810810811 195.985
0.811811811812 196.07
0.812812812813 196.045
0.813813813814 195.125
0.814814814815 195.115
0.815815815816 196.02
0.816816816817 196.11
0.817817817818 196.935
0.818818818819 196.1
0.81981981982 196.125
0.820820820821 196.925
0.821821821822 197.955
0.822822822823 197.15
0.823823823824 198.065
0.824824824825 198.085
0.825825825826 199.12
0.826826826827 200.005
0.827827827828 200.93
0.828828828829 201.795
0.82982982983 202.07
0.830830830831 201.335
0.831831831832 201.615
0.832832832833 201.805
0.833833833834 202.745
0.834834834835 202.915
0.835835835836 203.86
0.836836836837 204.845
0.837837837838 205.0
0.838838838839 205.195
0.83983983984 205.535
0.840840840841 206.63
0.841841841842 206.685
0.842842842843 207.825
0.843843843844 208.915
0.844844844845 208.32
0.845845845846 207.82
0.846846846847 208.205
0.847847847848 208.455
0.848848848849 208.855
0.84984984985 209.275
0.850850850851 210.44
0.851851851852 209.13
0.852852852853 209.355
0.853853853854 209.665
0.854854854855 209.915
0.855855855856 210.97
0.856856856857 212.2
0.857857857858 210.845
0.858858858859 211.99
0.85985985986 211.415
0.860860860861 210.005
0.861861861862 209.67
0.862862862863 210.085
0.863863863864 208.005
0.864864864865 209.23
0.865865865866 207.885
0.866866866867 208.215
0.867867867868 208.58
0.868868868869 208.805
0.86986986987 209.225
0.870870870871 210.375
0.871871871872 210.83
0.872872872873 210.44
0.873873873874 209.14
0.874874874875 209.625
0.875875875876 209.33
0.876876876877 208.9
0.877877877878 208.71
0.878878878879 206.86
0.87987987988 206.63
0.880880880881 207.25
0.881881881882 208.005
0.882882882883 209.595
0.883883883884 208.555
0.884884884885 206.955
0.885885885886 206.055
0.886886886887 206.865
0.887887887888 205.86
0.888888888889 205.06
0.88988988989 206.025
0.890890890891 207.565
0.891891891892 207.405
0.892892892893 208.08
0.893893893894 207.81
0.894894894895 203.585
0.895895895896 203.28
0.896896896897 202.41
0.897897897898 202.28
0.898898898899 203.215
0.8998998999 205.005
0.900900900901 205.84
0.901901901902 205.89
0.902902902903 202.395
0.903903903904 199.155
0.904904904905 197.605
0.905905905906 196.875
0.906906906907 197.705
0.907907907908 195.02
0.908908908909 194.21
0.90990990991 194.525
0.910910910911 193.855
0.911911911912 192.975
0.912912912913 193.775
0.913913913914 190.41
0.914914914915 189.935
0.915915915916 186.585
0.916916916917 182.61
0.917917917918 182.01
0.918918918919 181.31
0.91991991992 178.975
0.920920920921 176.01
0.921921921922 172.81
0.922922922923 169.8
0.923923923924 170.87
0.924924924925 170.83
0.925925925926 169.54
0.926926926927 164.74
0.927927927928 165.06
0.928928928929 164.39
0.92992992993 163.765
0.930930930931 158.205
0.931931931932 155.81
0.932932932933 154.55
0.933933933934 156.355
0.934934934935 154.04
0.935935935936 153.31
0.936936936937 146.115
0.937937937938 142.76
0.938938938939 143.12
0.93993993994 141.555
0.940940940941 140.085
0.941941941942 138.83
0.942942942943 134.54
0.943943943944 133.815
0.944944944945 131.575
0.945945945946 126.525
0.946946946947 126.35
0.947947947948 120.455
0.948948948949 120.31
0.94994994995 115.27
0.950950950951 109.24
0.951951951952 105.75
0.952952952953 98.97
0.953953953954 93.825
0.954954954955 90.4
0.955955955956 84.305
0.956956956957 80.65
0.957957957958 77.065
0.958958958959 72.505
0.95995995996 68.7
0.960960960961 66.51
0.961961961962 63.395
0.962962962963 62.165
0.963963963964 56.635
0.964964964965 53.335
0.965965965966 50.05
0.966966966967 48.48
0.967967967968 41.94
0.968968968969 36.765
0.96996996997 35.815
0.970970970971 29.02
0.971971971972 23.835
0.972972972973 20.215
0.973973973974 18.095
0.974974974975 16.0
0.975975975976 14.75
0.976976976977 10.915
0.977977977978 9.69
0.978978978979 7.405
0.97997997998 4.28
0.980980980981 2.765
0.981981981982 2.1
0.982982982983 0.575
0.983983983984 -0.205
0.984984984985 -0.12
0.985985985986 -0.05
0.986986986987 -0.03
0.987987987988 -0.015
0.988988988989 -0.015
0.98998998999 -0.015
0.990990990991 -0.005
0.991991991992 -0.005
0.992992992993 0
0.993993993994 0
0.994994994995 0
0.995995995996 0
0.996996996997 0
0.997997997998 0
0.998998998999 0
1.0 0
